BaseModelOutputWithPastAndCrossAttentions(last_hidden_state=tensor([[[-0.0796, -0.0654, -0.0842,  ..., -0.1442, -0.0456,  0.0143],
         [ 0.0757, -0.0351, -0.4318,  ..., -0.3136,  0.1932,  0.1943]]],
       grad_fn=<ViewBackward0>), past_key_values=((tensor([[[[-1.5577,  2.0585,  1.3060,  ..., -1.3825, -0.6334,  1.2624],
          [-1.4860,  2.7392,  1.4598,  ..., -2.6422, -2.0976,  1.9058]],

         [[-0.1191, -0.4702, -1.8900,  ..., -0.6026,  1.1491,  0.0967],
          [ 0.6263, -2.3715, -2.9837,  ..., -1.1486,  3.4231,  1.0386]],

         [[ 0.1191, -0.0143,  0.6525,  ..., -1.1654, -1.5703,  0.8032],
          [ 1.9038,  0.9673,  2.0119,  ..., -3.0516,  0.0097,  0.2613]],

         ...,

         [[ 0.5357, -0.0363, -0.2696,  ...,  0.1532,  0.7276,  0.4140],
          [ 0.6220, -0.1935, -0.3397,  ...,  1.7940,  0.1872,  0.3999]],

         [[ 1.1959,  1.1311, -0.4713,  ..., -0.7343,  1.3103, -1.2238],
          [ 0.7388,  0.0834, -0.3598,  ..., -2.1871,  1.4657, -0.7498]],

         [[ 0.7217,  0.1712,  0.3612,  ...,  0.0324,  0.2253,  1.7345],
          [ 0.7226,  0.4640, -0.0367,  ..., -0.0589, -0.4136,  2.1983]]]],
       grad_fn=<PermuteBackward0>), tensor([[[[ 0.0296,  0.0957,  0.0236,  ..., -0.0342,  0.1183,  0.0689],
          [ 0.2507, -0.2883,  0.2447,  ...,  0.0303, -0.0646, -0.1178]],

         [[ 0.5417, -0.0390, -0.1689,  ..., -0.6353, -0.3663,  0.1436],
          [ 0.3795, -0.0153,  0.0521,  ...,  0.0600, -0.1981, -0.0987]],

         [[-0.0427, -0.1183, -0.0408,  ..., -0.0665, -0.0312, -0.1659],
          [ 0.0453, -0.1874,  0.2924,  ...,  0.0747,  0.1241,  0.2136]],

         ...,

         [[-0.1675, -0.1457,  0.2035,  ..., -0.3660,  0.0056, -0.1893],
          [-0.3138,  0.6455, -0.1290,  ...,  0.2070, -0.2290,  0.0675]],

         [[ 0.2128, -0.2676, -0.2319,  ..., -0.0072,  0.1200,  0.1019],
          [-0.0686, -0.0909,  0.2176,  ..., -0.4263, -0.1814, -0.1781]],

         [[-0.0185, -0.5207,  0.0110,  ..., -0.0489, -0.1862,  0.0933],
          [ 0.0474,  0.2424,  0.0103,  ...,  0.0313, -0.1430,  0.1731]]]],
       grad_fn=<PermuteBackward0>)), (tensor([[[[-0.0694,  2.0928, -1.6872,  ...,  1.1703, -1.0494,  0.2168],
          [ 1.5008,  1.9798, -1.5390,  ..., -0.1888, -2.3907,  0.0367]],

         [[-1.0055, -0.7068, -0.7059,  ..., -0.0075,  0.7042, -0.5624],
          [-1.4254, -0.1135, -1.6545,  ..., -0.4464,  0.4419, -0.4060]],

         [[ 0.2979,  0.0624,  0.0523,  ..., -1.2330,  0.2260, -0.1951],
          [ 0.2647,  0.5900, -0.1767,  ..., -1.2630, -0.1190,  0.5659]],

         ...,

         [[ 0.0840,  0.0317, -0.7320,  ..., -0.0878,  0.8171, -0.5006],
          [-1.6389,  1.9260,  2.1608,  ...,  0.5166, -0.1785,  0.3666]],

         [[-1.2137, -2.7186,  0.1566,  ...,  1.8828,  1.6077, -1.5752],
          [-0.0912,  1.0005, -0.4650,  ..., -0.6936,  0.5597, -0.0942]],

         [[ 1.3045,  1.9427,  1.0295,  ..., -0.5311, -0.0528,  0.1987],
          [ 0.2082,  3.2296,  0.9046,  ...,  2.3722, -0.0516, -0.3317]]]],
       grad_fn=<PermuteBackward0>), tensor([[[[ 2.9326e-01,  4.7508e-02,  9.1161e-02,  ..., -7.3880e-02,
           -2.1919e-01, -1.9821e-01],
          [ 4.8930e-02, -3.6860e-02, -3.4278e-01,  ..., -4.3509e-01,
            4.0970e-02,  1.8871e-01]],

         [[-5.0480e-02, -3.7577e-03,  5.7324e-02,  ...,  3.2399e-01,
           -6.2626e-01, -2.5268e-02],
          [ 3.6764e-01, -2.6284e-01,  6.2275e-01,  ..., -3.6133e-01,
            4.8913e-01,  7.2396e-02]],

         [[ 4.3029e-02, -1.8447e-01,  7.9255e-02,  ..., -5.4280e-01,
            1.9089e-01, -1.4495e-02],
          [ 7.9103e-01,  3.0778e-01,  1.8370e-01,  ..., -6.8240e-01,
           -2.9424e-01,  4.5301e-01]],

         ...,

         [[-1.4487e-01,  6.4217e-01,  2.4756e-03,  ...,  1.4083e-01,
           -1.0702e+00, -6.8280e-02],
          [ 2.3976e-01, -5.8947e-01,  2.2354e-01,  ..., -4.5206e-02,
           -8.7029e-01,  3.2991e-01]],

         [[ 2.4663e-01, -2.1652e-02, -1.0403e-01,  ...,  5.2474e-01,
           -3.5839e+00, -6.8335e-02],
          [-2.3424e-01, -1.1778e-01,  9.9154e-02,  ...,  2.3799e-01,
            1.4069e-01,  1.6390e-01]],

         [[ 1.6751e-01, -2.4040e-01, -1.7652e-02,  ..., -1.9243e-01,
            2.1192e-01, -5.3950e-02],
          [ 2.5572e-01, -3.4791e-02,  1.3928e-01,  ...,  2.3612e-01,
            4.9733e-01, -7.9305e-02]]]], grad_fn=<PermuteBackward0>)), (tensor([[[[-0.1312, -1.1208,  0.2306,  ..., -0.6338, -0.1264, -0.0142],
          [ 0.1762, -3.5688, -0.0055,  ..., -1.0721, -0.0777, -1.6186]],

         [[-0.5098,  0.3998, -0.4601,  ...,  1.1703, -0.5002, -0.5167],
          [-1.2198, -0.9189, -1.1127,  ...,  0.6694, -0.1641, -0.1372]],

         [[ 1.3091,  3.0503,  3.7417,  ...,  0.6063,  1.6432, -0.7284],
          [-3.0310,  2.4307, -2.7790,  ..., -2.0483,  2.1945, -0.5169]],

         ...,

         [[ 1.3467, -2.7579, -2.6471,  ...,  0.9077,  0.4819,  2.7369],
          [-2.2281,  1.6442,  0.2596,  ..., -1.9587, -1.7712,  0.0592]],

         [[ 1.7334,  0.4782,  0.9018,  ...,  0.0209, -0.9891, -0.3147],
          [ 2.1781,  0.8764,  1.3271,  ...,  0.0660, -1.5948, -1.2995]],

         [[-0.2722,  0.1712, -0.5431,  ...,  0.2856,  0.2808,  0.1847],
          [-0.2194,  0.5253,  0.0684,  ..., -0.2614,  0.5142, -0.1544]]]],
       grad_fn=<PermuteBackward0>), tensor([[[[-3.8719e-02, -5.1945e-03, -1.7408e-01,  ..., -3.2192e-02,
            2.2494e-02, -5.8109e-01],
          [-2.9148e-01, -1.1665e+00,  4.9735e-02,  ..., -2.3254e-02,
            6.0751e-01,  9.5917e-01]],

         [[-1.3563e-02, -2.5121e-02,  1.6736e-02,  ..., -6.1102e-02,
            1.4676e-03,  3.9392e-02],
          [ 1.8129e-01,  6.5502e-01,  2.5221e-01,  ...,  7.2469e-03,
            1.0076e-01, -1.2477e-01]],

         [[ 2.6918e-02, -7.1506e-01, -3.5446e-03,  ...,  4.7490e-02,
            2.1938e-02, -6.2618e-02],
          [ 8.8611e-02, -1.1098e+00, -1.0704e-01,  ..., -1.5457e-01,
           -2.8523e-01,  1.8637e-01]],

         ...,

         [[ 1.4347e-02, -9.6696e-02,  1.3034e+00,  ..., -4.7153e-02,
            2.0239e-01,  2.1230e-02],
          [-2.6600e-01, -9.5281e-01,  1.5913e+00,  ..., -9.8646e-02,
            2.7425e-01,  4.7761e-03]],

         [[ 7.8395e-02, -9.0312e-02, -1.6493e-01,  ...,  1.1788e-01,
            1.1909e-01,  1.9989e-01],
          [ 3.5128e-01, -1.5321e-01, -5.8356e-02,  ...,  7.0924e-01,
           -9.9971e-01, -5.6597e-01]],

         [[ 2.0028e-02,  8.4277e-03,  3.2849e-02,  ..., -2.4377e-02,
            2.3290e-01,  2.3503e-02],
          [-9.2598e-01, -3.3212e-01, -3.0822e-01,  ...,  2.9457e-01,
           -2.2384e+00,  4.9906e-01]]]], grad_fn=<PermuteBackward0>)), (tensor([[[[ 0.0244, -0.2060,  0.1576,  ..., -0.8927,  0.7296, -1.2019],
          [-0.0800,  0.0845, -0.4804,  ..., -2.0084, -0.6654,  1.9570]],

         [[ 0.7885,  0.1972,  0.0155,  ..., -0.1569, -1.0962, -0.2036],
          [-0.3261, -2.9758,  1.5774,  ...,  0.7096,  3.1566,  1.6373]],

         [[ 0.3322, -0.3491, -0.3435,  ...,  0.3350,  1.4493,  0.2751],
          [ 0.9808, -4.4524, -1.8337,  ..., -3.2842, -2.1009, -4.9823]],

         ...,

         [[ 0.2175,  1.7826,  0.5305,  ...,  0.2662,  0.4487, -1.6751],
          [ 0.4720, -5.7591,  1.0276,  ..., -3.2482, -1.3784,  5.3058]],

         [[ 0.0696, -0.0312,  0.1427,  ..., -0.0848, -0.0876, -0.1454],
          [ 0.6607, -1.3344, -1.1545,  ..., -1.0439,  0.3339, -1.1369]],

         [[ 0.4080, -0.0494,  1.8964,  ..., -0.2367, -0.2105, -1.0090],
          [ 2.9253,  1.2189, -1.6274,  ...,  2.1411,  0.2374,  4.1509]]]],
       grad_fn=<PermuteBackward0>), tensor([[[[ 0.0475,  0.0745, -0.0074,  ...,  0.0229,  0.0941,  0.0396],
          [ 0.2399, -0.2976,  0.3325,  ...,  0.6684, -1.3311, -0.8332]],

         [[-0.0349,  0.0053,  0.0837,  ..., -0.0414, -0.0355, -0.0482],
          [ 0.6022, -0.6557,  0.0973,  ..., -0.4363,  0.1379, -0.0594]],

         [[ 0.0376, -0.1074, -0.0605,  ..., -0.0149,  0.0849, -0.1453],
          [-0.6926, -0.2210, -1.1015,  ...,  0.0358, -0.3844, -0.2231]],

         ...,

         [[-0.0208,  0.1366, -0.0079,  ..., -0.0334,  0.0667, -0.0447],
          [-0.1094, -0.0857, -0.3542,  ..., -0.0538, -0.0802,  0.2262]],

         [[-0.1677, -0.1373, -0.0834,  ..., -0.2441, -0.0132, -0.0351],
          [-0.1382, -0.2158, -0.3145,  ..., -0.7975,  0.1193,  0.3805]],

         [[ 0.1282, -0.0602, -0.0316,  ..., -0.0069, -0.0899, -0.0973],
          [-0.5804,  0.1000, -0.1489,  ..., -0.1555,  0.3123,  0.5410]]]],
       grad_fn=<PermuteBackward0>)), (tensor([[[[-0.8886, -0.1231,  0.3153,  ..., -0.9886,  0.0324, -2.9510],
          [ 0.3873,  1.1150, -1.9520,  ..., -1.1632, -1.0020,  5.7277]],

         [[ 0.3617, -0.0726,  0.4503,  ..., -0.1325, -0.0775, -2.2207],
          [-3.6506,  1.6242,  4.3292,  ..., -2.3857, -2.5226,  7.5802]],

         [[ 0.1286, -0.6407, -0.2220,  ...,  0.1428,  0.2569, -0.1688],
          [ 0.2725,  1.2326, -0.6678,  ...,  0.0996,  0.7764,  2.0474]],

         ...,

         [[-0.3885,  0.0123,  0.0218,  ...,  1.2470,  0.0650,  1.7916],
          [-0.4725, -2.4390,  0.2815,  ..., -2.3613, -0.3564, -0.7622]],

         [[-0.3283, -0.1245,  0.2178,  ...,  0.2567, -0.0414,  0.0394],
          [ 1.2529, -0.0857,  0.7334,  ...,  1.7131,  1.0168, -0.7057]],

         [[ 3.4336,  2.0942, -2.0873,  ..., -2.8598, -3.8804, -1.2217],
          [-4.3665, -1.8896,  5.1546,  ..., -0.9639,  7.7388, -1.5776]]]],
       grad_fn=<PermuteBackward0>), tensor([[[[-0.0083, -0.0424,  0.0294,  ...,  0.0559,  0.0276,  0.0732],
          [ 0.8215,  1.2836, -0.2155,  ..., -0.5929,  0.0445, -0.4176]],

         [[-0.0695, -0.0148, -0.1389,  ..., -0.0389,  0.0542, -0.0172],
          [ 0.6868, -0.3953, -0.9298,  ...,  0.7813,  0.3201,  0.7777]],

         [[ 0.0653,  0.0936,  0.0881,  ...,  0.0186, -0.0836,  0.0015],
          [ 0.6409,  0.2809, -0.1638,  ...,  1.2768,  0.9910, -0.8357]],

         ...,

         [[-0.0080,  0.0785, -0.0789,  ...,  0.0385,  0.0404, -0.1381],
          [ 0.6770, -0.4871, -0.0151,  ..., -0.1899, -0.4918,  1.3220]],

         [[-0.1247, -0.0535,  0.1071,  ..., -0.0667,  0.0558, -0.0164],
          [ 0.0973, -1.0215, -0.8009,  ...,  0.0237, -0.7873,  1.1787]],

         [[-0.0124, -0.0013, -0.0238,  ..., -0.0242,  0.0068, -0.0143],
          [-0.4909, -0.2347, -0.0563,  ..., -0.0423, -0.4243, -0.0425]]]],
       grad_fn=<PermuteBackward0>)), (tensor([[[[ 1.9355e-02, -2.8678e-01,  2.4122e-01,  ...,  1.7076e+00,
           -2.1180e-01, -6.4429e-02],
          [ 1.5216e+00, -1.9019e-01,  4.7975e-01,  ..., -2.7162e+00,
            2.6324e-01, -5.4321e-01]],

         [[ 1.6025e-01,  9.6777e-01, -1.4200e+00,  ..., -1.2699e-01,
            2.5914e-01,  9.1501e-01],
          [-5.6689e-01, -6.6886e+00,  2.7195e+00,  ..., -8.3239e-01,
           -1.4526e-01, -2.2686e+00]],

         [[-6.6417e-01,  2.5884e-01, -3.7432e-02,  ...,  1.8767e-01,
            4.8855e-02, -2.8110e-01],
          [-3.6148e-01, -4.6985e-02, -1.0183e+00,  ..., -2.4468e+00,
           -2.0577e+00, -1.5337e+00]],

         ...,

         [[-3.2839e-02,  1.1836e-01,  1.4998e-01,  ..., -1.1316e-01,
            1.3787e-02,  1.5480e-01],
          [ 6.9743e-01,  2.4506e-01, -4.3985e-01,  ...,  5.0114e-01,
           -1.4813e-02,  1.3820e+00]],

         [[-3.0106e+00,  3.8638e-01, -3.1351e-02,  ..., -4.4385e-01,
           -3.5365e-01,  1.2464e+00],
          [ 4.3967e+00,  1.2838e+00,  2.7018e-01,  ..., -3.7446e-01,
            1.4010e+00,  3.7212e-01]],

         [[-2.6585e-03, -2.4886e-01,  2.1901e-02,  ..., -1.5991e-01,
            3.3246e-01,  8.4436e-02],
          [-4.4551e-01, -2.1180e+00, -1.4644e+00,  ..., -1.3120e+00,
            1.0116e+00, -4.8509e-01]]]], grad_fn=<PermuteBackward0>), tensor([[[[-1.7171e-02, -2.0933e-02,  3.5291e-03,  ..., -1.3174e-02,
           -3.1785e-02,  3.5112e-01],
          [ 1.3894e+00,  9.0510e-02,  1.5845e+00,  ...,  1.7479e-01,
            1.1719e+00, -8.9215e-01]],

         [[ 1.9981e-03, -1.9529e-03,  1.4088e-02,  ..., -1.0848e-02,
            1.1521e-02,  1.0079e-02],
          [ 8.3661e-01, -1.4665e-01,  8.5810e-01,  ..., -6.8635e-01,
            1.2591e+00, -1.3588e+00]],

         [[-5.4140e-02,  1.6660e-03, -3.7261e-02,  ..., -4.0993e-02,
            7.1157e-03, -7.7802e-02],
          [ 3.1743e-01, -8.6568e-02,  5.5871e-01,  ..., -2.5871e-01,
            1.3696e+00, -3.6591e-02]],

         ...,

         [[-3.2514e-01, -1.9045e-01, -6.4514e-02,  ..., -4.8097e-01,
            2.1957e-01,  8.8991e-02],
          [ 1.7623e+00, -2.2979e+00, -4.2078e-01,  ...,  1.3283e+00,
           -1.6318e+00,  1.1906e+00]],

         [[-7.4072e-02, -1.2467e-01, -4.3088e-02,  ..., -1.9492e-01,
           -1.4497e-01,  1.3204e-01],
          [-5.9546e-01,  5.5121e-01, -4.0772e-01,  ...,  2.0994e-01,
            9.2104e-01,  8.3682e-02]],

         [[-3.6862e-02, -4.7265e-02,  9.6072e-02,  ...,  8.2426e-02,
           -3.4681e-02,  1.5722e-02],
          [-7.5266e-01,  1.0573e+00, -1.8884e+00,  ...,  5.8943e-01,
           -3.1735e-01,  9.5676e-01]]]], grad_fn=<PermuteBackward0>)), (tensor([[[[-0.3436,  0.8669, -0.1682,  ...,  1.1254, -0.2006,  0.1408],
          [ 0.1250, -3.6720, -1.5245,  ..., -3.0884,  0.6340,  1.8420]],

         [[ 0.0377,  0.8584, -0.6179,  ..., -0.0412,  0.3116,  0.0146],
          [-0.0537,  0.5224,  1.4735,  ...,  1.4759, -0.4239, -0.9179]],

         [[-0.3079,  0.1219, -0.9720,  ..., -0.3509, -0.0545, -0.1483],
          [ 0.1293, -0.0424,  4.3583,  ...,  0.5301, -0.2138, -0.1229]],

         ...,

         [[ 0.3671,  0.0711, -0.0685,  ..., -0.0530,  0.2286,  0.0105],
          [-0.7271, -1.3576,  0.0840,  ..., -0.5522,  0.4074,  1.1226]],

         [[ 0.2054,  0.0534,  0.3156,  ...,  0.4009,  0.0181,  0.2347],
          [ 1.2884,  0.4945, -0.8964,  ..., -1.6002,  0.4990,  0.1672]],

         [[-3.0121,  0.5329,  0.5640,  ..., -0.9310,  0.3241,  0.1793],
          [ 6.9568, -0.6033, -1.8434,  ...,  1.2495,  0.1774, -0.1786]]]],
       grad_fn=<PermuteBackward0>), tensor([[[[ 0.0454, -0.0424,  0.0115,  ..., -0.0787,  0.0038, -0.0861],
          [-0.2027,  0.2484, -0.1362,  ..., -0.3114,  0.4679, -0.1435]],

         [[ 0.0764,  0.0170, -0.0311,  ..., -0.0406,  0.0128,  0.0041],
          [-0.1543, -0.2772,  0.6100,  ...,  0.2696, -0.3406, -0.1872]],

         [[ 0.0772,  0.0232, -0.0046,  ...,  0.0164, -0.0715, -0.0601],
          [-0.4644,  0.4940, -0.0544,  ..., -0.8166,  0.5547, -1.2554]],

         ...,

         [[ 0.0064,  0.0294,  0.0180,  ..., -0.0784, -0.0184,  0.0175],
          [-0.4145,  0.5506, -0.2139,  ...,  0.2037,  0.1447,  0.8927]],

         [[ 0.0414, -0.0176,  0.0189,  ...,  0.0325, -0.0101,  0.0068],
          [ 0.8840, -0.2138, -0.4934,  ...,  0.0360, -0.5890, -0.0404]],

         [[ 0.0677, -0.1924, -0.0716,  ..., -0.0335,  0.1940, -0.0490],
          [ 0.0071, -0.4767,  0.8467,  ...,  0.9878, -0.4765,  0.9720]]]],
       grad_fn=<PermuteBackward0>)), (tensor([[[[ 1.0496, -0.2613, -0.1427,  ...,  0.6285,  0.7375, -0.3164],
          [-3.4442, -1.3522,  1.6313,  ...,  0.2906, -3.8244,  0.2906]],

         [[-0.1508, -0.0536,  0.1535,  ..., -0.0525, -0.8785, -0.1817],
          [-0.6363,  0.5647, -0.3502,  ...,  0.0643, -0.2469,  1.4637]],

         [[ 0.1958,  0.2907,  1.1362,  ..., -0.4615,  0.4315, -0.5032],
          [-0.3088, -0.7406, -0.7384,  ..., -1.4855, -2.3895, -0.4831]],

         ...,

         [[-0.1602,  0.0795, -0.2156,  ...,  0.0088,  0.1596,  0.0179],
          [-0.8755, -0.4691, -0.6551,  ...,  0.1543, -0.2226, -1.7443]],

         [[-0.3507, -2.1781,  0.1213,  ..., -0.0855, -0.0444,  0.9185],
          [-0.2046,  1.9717,  0.1851,  ...,  0.7273, -0.9214,  0.8204]],

         [[ 0.3591,  0.0624, -0.1413,  ...,  0.6628,  0.1278,  0.2547],
          [-0.8951, -0.3080, -0.3524,  ..., -0.1331,  0.1524, -0.2095]]]],
       grad_fn=<PermuteBackward0>), tensor([[[[-0.0408,  0.0392, -0.0575,  ..., -0.0203,  0.0107,  0.0218],
          [ 0.3857,  0.6332, -0.2706,  ..., -0.3549,  0.3177,  0.4677]],

         [[ 0.0090, -0.0215,  0.0252,  ...,  0.0309, -0.0461,  0.0173],
          [ 0.0220,  0.2407,  0.3512,  ..., -0.6618,  1.0647, -0.9118]],

         [[ 0.0353, -0.0248,  0.0356,  ...,  0.0209, -0.0166,  0.0186],
          [-1.4171,  0.5113,  0.1657,  ...,  0.3198, -0.8397,  0.3853]],

         ...,

         [[-0.1860,  0.0912,  0.0495,  ...,  0.0391,  0.0413, -0.1240],
          [-0.2073,  0.9578, -0.2267,  ...,  0.2447,  0.9160, -0.8876]],

         [[-0.5834, -0.0043,  0.0461,  ..., -0.0112,  0.0141, -0.0044],
          [-0.3973,  0.2642, -0.8928,  ..., -0.1684, -0.8471,  0.7900]],

         [[ 0.0064,  0.0855, -0.0379,  ...,  0.0572,  0.0422, -0.0523],
          [-1.3477,  1.0620,  0.7977,  ...,  1.0592, -0.7431, -0.8784]]]],
       grad_fn=<PermuteBackward0>)), (tensor([[[[-0.0309, -2.3300,  0.1727,  ..., -0.2341, -0.2001,  0.0634],
          [ 0.1003,  5.2148,  1.1145,  ...,  0.8237, -1.1384, -0.0095]],

         [[-0.8129,  0.2204,  0.4570,  ..., -0.5106,  1.0642,  1.1279],
          [-1.4005,  0.2379,  0.5649,  ..., -1.2065, -0.3995, -0.1317]],

         [[-0.8474,  0.4625,  0.0322,  ...,  0.5044, -0.2280,  1.1674],
          [ 1.4463, -0.5641,  0.4051,  ...,  0.6538, -0.6958, -0.3566]],

         ...,

         [[-0.2961, -0.1259,  0.1454,  ...,  0.1913,  1.7291, -2.8541],
          [ 1.9319, -0.9305,  0.2233,  ..., -0.7473, -5.4043,  4.6527]],

         [[ 0.1739,  0.3660,  0.2163,  ..., -0.2191,  0.0303, -0.1453],
          [-1.8699,  0.5061, -1.0434,  ...,  0.1746, -0.3934, -0.2018]],

         [[ 0.3722,  0.1152,  0.6242,  ...,  0.5049,  0.5765, -0.3285],
          [-0.4363, -1.9791,  0.2993,  ..., -2.4105, -3.7333, -0.1592]]]],
       grad_fn=<PermuteBackward0>), tensor([[[[ 0.0510, -0.0051, -0.0245,  ...,  0.1220, -0.0637, -0.0297],
          [ 0.0983,  0.7095,  0.7798,  ...,  1.3709,  0.6057, -0.6120]],

         [[ 0.0157,  0.0495,  0.0464,  ..., -0.0037,  0.0100,  0.0106],
          [-0.4319,  0.2365, -0.2116,  ..., -0.6300,  0.9541,  0.3070]],

         [[ 0.0569, -0.0499,  0.0636,  ...,  0.0408, -0.0709, -0.0605],
          [-0.2714,  0.1542,  1.3116,  ..., -0.0025,  0.6005, -0.2662]],

         ...,

         [[-0.0739, -0.0520,  0.0601,  ..., -0.0948,  0.0297,  0.0184],
          [ 0.0957, -0.2899,  0.8451,  ..., -0.7965, -0.4361,  0.6963]],

         [[ 0.1485, -0.0803,  0.1272,  ...,  0.0733,  0.0177, -0.1196],
          [-0.0915, -0.2125,  0.3866,  ...,  1.4489,  0.7612,  0.5512]],

         [[ 0.2089, -0.0468, -0.0564,  ...,  0.0227,  0.0401,  0.0285],
          [-0.7254,  0.7091,  0.9198,  ..., -0.7652,  1.2499, -0.3897]]]],
       grad_fn=<PermuteBackward0>)), (tensor([[[[ 0.0303, -0.2546, -0.4429,  ...,  0.3130,  0.3214,  0.3754],
          [ 0.9567, -0.2022,  0.4165,  ...,  0.9196, -0.7414,  1.2841]],

         [[-0.2931,  0.1506,  0.1136,  ...,  0.0531, -1.1308, -0.1359],
          [-0.9146,  0.4048,  0.4231,  ..., -0.6385, -0.8112,  1.3683]],

         [[-1.2361, -0.1157,  0.5564,  ..., -0.6521,  0.4469, -0.2781],
          [ 2.2860,  0.4745, -0.9115,  ...,  0.7408,  0.3104,  1.2670]],

         ...,

         [[ 0.7973, -0.8955, -0.3811,  ..., -1.0365, -0.4267,  0.4860],
          [ 0.1592, -0.5481, -1.1556,  ...,  0.2342, -0.1114, -0.8147]],

         [[-0.9092,  2.5450,  0.3019,  ...,  0.3402,  1.9531, -0.5349],
          [ 0.3690, -3.3056, -0.1696,  ..., -0.1261, -4.5975,  2.2000]],

         [[-2.0089, -0.3538, -1.1181,  ..., -0.3894,  0.0532,  0.2482],
          [ 1.3938,  0.2486,  1.8991,  ...,  0.6698, -0.8323,  0.8149]]]],
       grad_fn=<PermuteBackward0>), tensor([[[[-5.1194e-02, -7.8499e-02,  2.1829e-02,  ...,  1.2007e-01,
           -3.2649e-02,  2.2967e-02],
          [ 7.7943e-02,  3.4232e-01, -2.7187e-01,  ...,  1.1860e+00,
           -8.4595e-02,  7.2728e-01]],

         [[ 1.3780e-02,  9.2940e-03, -4.7344e-02,  ...,  4.7079e-02,
           -5.8709e-03,  4.0416e-02],
          [-3.6401e-01,  1.4817e-01, -1.0032e+00,  ..., -3.0974e-01,
           -1.9133e-01, -1.1256e+00]],

         [[ 2.5264e-02,  2.8820e-02, -8.0619e-02,  ...,  1.3010e-02,
           -1.3110e-02,  3.4515e-03],
          [ 1.3345e+00, -1.2880e+00, -7.4889e-01,  ...,  9.3334e-01,
            3.6339e-03, -7.1031e-01]],

         ...,

         [[-2.5713e-02,  3.5983e-02, -5.8845e-04,  ..., -2.4374e-02,
           -1.9852e-02,  1.6492e-02],
          [ 3.9410e-01, -1.3823e-01,  3.3494e-01,  ...,  6.2770e-01,
           -9.2719e-01,  6.3403e-01]],

         [[-6.9404e-02, -3.8279e-02,  2.2718e-02,  ...,  1.6021e-02,
           -5.6924e-02, -9.7729e-02],
          [ 5.9865e-01,  7.2372e-01, -1.1159e+00,  ...,  1.2048e+00,
           -1.4912e-01,  4.9527e-03]],

         [[-1.2480e-02,  3.4520e-02, -4.6232e-02,  ..., -2.4095e-02,
            2.7859e-02, -1.7602e-02],
          [-5.5906e-01,  8.0472e-01, -6.2914e-01,  ...,  6.8914e-01,
            4.2904e-01, -2.2537e-01]]]], grad_fn=<PermuteBackward0>)), (tensor([[[[-0.5165,  0.4929, -0.8540,  ..., -1.0121, -1.3112,  0.2127],
          [-0.5498, -0.2580, -0.5981,  ...,  2.2386, -0.3470, -0.5255]],

         [[ 0.8485, -2.0482,  0.1350,  ...,  0.2317, -2.4424, -0.4274],
          [ 0.5161,  1.8410, -0.3160,  ...,  1.2762, -0.7375,  0.1802]],

         [[ 1.0057,  0.3829, -0.1716,  ..., -0.8141, -1.3915, -0.3595],
          [ 0.1958,  0.6676, -1.1407,  ...,  0.6187, -1.0241,  0.8079]],

         ...,

         [[ 0.2294, -0.5707,  0.4736,  ..., -0.6605,  1.0613,  0.2997],
          [-1.2654,  0.8537, -1.5061,  ..., -2.7213,  0.3259,  1.2940]],

         [[ 0.2514,  0.5458,  0.5410,  ...,  0.7166,  0.0623,  0.8403],
          [ 0.5144,  2.6848, -0.7486,  ...,  1.6233, -0.3928,  0.7980]],

         [[-0.7177,  0.2925, -1.5855,  ..., -0.3911,  0.2499, -1.3122],
          [ 0.6686,  0.4105, -0.3944,  ..., -1.1555,  0.3245,  0.1737]]]],
       grad_fn=<PermuteBackward0>), tensor([[[[ 1.3146e-03,  3.2417e-02, -7.4432e-02,  ...,  5.0340e-02,
           -4.6050e-02, -8.3959e-02],
          [-6.6883e-01,  1.3740e+00,  1.0523e+00,  ...,  2.0246e-02,
            1.1959e-01, -5.7364e-01]],

         [[ 3.3727e-02,  9.7017e-03,  3.0500e-02,  ..., -3.1948e-02,
           -1.7537e-02,  4.5766e-03],
          [-8.7086e-02,  7.2612e-01,  5.8209e-01,  ..., -1.6103e+00,
           -1.0104e+00,  4.5141e-02]],

         [[-3.7839e-03,  8.4984e-03, -4.0192e-02,  ..., -1.5741e-02,
            1.8583e-02,  7.2504e-02],
          [ 9.5703e-01, -6.1078e-01,  1.2541e+00,  ...,  1.6033e+00,
           -6.2268e-01, -1.7000e+00]],

         ...,

         [[-9.2486e-02,  3.9941e-02,  5.1524e-03,  ..., -4.6092e-02,
           -1.3864e-02,  2.9036e-02],
          [-8.5094e-01,  4.0316e-01,  1.2088e+00,  ...,  5.4172e-01,
           -1.0422e+00,  6.0013e-01]],

         [[ 7.5123e-02,  1.4629e-03,  6.6694e-02,  ...,  1.1355e-02,
            6.0290e-02,  6.3620e-02],
          [ 1.0229e+00,  1.3875e+00, -1.3666e+00,  ..., -7.1763e-01,
            1.6679e+00,  1.4182e+00]],

         [[-1.2048e-01,  3.1172e-02, -6.4969e-02,  ..., -9.1801e-02,
            7.4745e-02, -1.1397e-03],
          [-1.5277e-02,  7.6769e-03,  2.5641e-02,  ..., -7.5575e-01,
            1.9600e-01,  2.0457e-02]]]], grad_fn=<PermuteBackward0>)), (tensor([[[[-1.7301, -0.3056, -0.3141,  ...,  0.1625,  0.3173, -0.5197],
          [ 0.2852, -0.0818, -0.5290,  ...,  1.2087, -0.6367,  0.1818]],

         [[ 0.1100, -0.0737,  2.2928,  ...,  0.2434,  0.0792, -0.1967],
          [ 0.3288, -1.1874,  0.4496,  ..., -0.5345, -0.3086, -0.5478]],

         [[-0.2066,  1.0400,  0.4496,  ..., -0.5405,  0.3138, -0.1156],
          [-0.8159, -0.2520,  0.8805,  ...,  0.6165,  0.4999, -0.8840]],

         ...,

         [[ 0.5553,  0.9784, -0.8548,  ..., -0.7252,  0.6817,  0.8344],
          [ 0.3453,  1.1819, -1.2181,  ...,  0.1426, -1.3785, -0.3273]],

         [[-0.4054,  0.3830,  0.3438,  ...,  0.7247,  0.0233, -0.0943],
          [-1.6083,  1.9850, -0.9278,  ...,  1.3674, -0.8425, -0.8670]],

         [[-0.7432, -0.0303,  0.4730,  ..., -0.1026,  0.0426, -0.0516],
          [-0.3527, -1.6581,  1.1989,  ..., -0.4303, -0.7754,  0.0714]]]],
       grad_fn=<PermuteBackward0>), tensor([[[[ 0.0608, -0.1200, -0.2094,  ..., -0.2535,  0.2886, -0.1592],
          [ 0.4480,  0.6086, -0.2481,  ...,  2.4291, -2.1940,  1.0422]],

         [[ 0.0981, -0.0171,  0.0241,  ..., -0.0215, -0.1109,  0.1690],
          [-1.2881,  0.6766,  0.3397,  ..., -0.3830, -0.0562, -1.0611]],

         [[ 0.0206,  0.0259, -0.0211,  ...,  0.0261,  0.0271,  0.0533],
          [-0.2657, -1.1864, -0.5566,  ...,  1.1344, -0.2589, -0.2965]],

         ...,

         [[-0.0160, -0.0178,  0.0921,  ...,  0.0712, -0.0141,  0.0262],
          [-0.7096,  0.9358,  0.4930,  ..., -0.6024,  0.2729, -0.5315]],

         [[-0.1767, -0.0641,  0.0566,  ..., -0.0596,  0.0352, -0.0960],
          [-0.3200,  0.8837,  0.6243,  ..., -0.5478,  0.4570, -0.0799]],

         [[ 0.0933, -0.1125,  0.1412,  ..., -0.1320, -0.0093, -0.1595],
          [-0.7469,  0.0900, -0.4633,  ..., -0.0586, -0.4890, -0.5261]]]],
       grad_fn=<PermuteBackward0>))), hidden_states=None, attentions=None, cross_attentions=None)
